0000
0001
0003
0005
0009
0010
0011
0015
0016
0020
0023
0026
0028
0029
0035
0037
0041
0042
0045
0046
0049
0050
0051
0053
0054
0057
0060
0062
0071
0073
0081
0087
0088
0089
0094
0100
0101
0104
0105
0107
0112
0113
0114
0115
0120
0127
0131
0133
0135
0139
0144
0150
0151
0153
0157
0158
0159
0160
0163
0164
0165
0167
0169
0170
0175
0180
0186
0192
0194
0202
0203
0207
0214
0220
0224
0226
0228
0232
0233
0241
0242
0248
0250
0251
0254
0258
0260
0262
0263
0264
0265
0267
0273
0277
0278
0281
0288
0289
0290
0293
0295
0301
0303
0309
0312
0313
0314
0318
0322
0324
0325
0326
0329
0331
0333
0334
0337
0338
0341
0342
0347
0350
0351
0354
0356
0359
0363
0364
0365
0366
0371
0372
0375
0377
0381
0384
0388
0392
0397
0400
0404
0413
0414
0417
0420
0424
0426
0432
0433
0442
0447
0450
0451
0458
0459
0462
0464
0467
0468
0474
0475
0482
0487
0490
0494
0495
0496
0497
0498
0499
0501
0502
0506
0507
0508
0509
0511
0513
0514
0516
0517
0518
0523
0524
0526
0529
0530
0532
0534
0536
0538
0539
0541
0542
0543
0544
0545
0548
0549
0550
0552
0555
0556
0557
0558
0561
0563
0564
0565
0567
0569
0574
0576
0577
0581
0582
0583
0586
0589
0593
0598
0601
0605
0607
0610
0615
0616
0617
0618
0625
0626
0631
0632
0633
0635
0636
0638
0642
0643
0649
0655
0656
0658
0660
0661
0664
0666
0668
0671
0676
0677
0680
0681
0685
0689
0693
0695
0696
0697
0701
0706
0709
0710
0712
0713
0715
0716
0720
0721
0723
0726
0728
0730
0733
0739
0742
0745
0747
0753
0754
0755
0756
0757
0758
0763
0767
0768
0771
0774
0776
0779
0783
0786
0789
0791
0792
0793
0795
0799
0800
0807
0808
0810
0813
0814
0815
0817
0821
0824
0829
0831
0832
0835
0836
0840
0846
0849
0852
0853
0855
0856
0859
0860
0862
0875
0877
0882
0885
0887
0888
0890
0891
0892
0895
0898
0900
0903
0906
0909
0912
0913
0914
0917
0918
0921
0930
0934
0935
0937
0939
0943
0949
0953
0955
0957
0958
0965
0971
0974
0975
0976
0981
0982
0985
0986
0988
0989
0990
0991
0993
1001
1002
1004
1005
1011
1013
1015
1016
1018
1020
1022
1023
1025
1027
1032
1034
1035
1043
1044
1046
1048
1052
1053
1054
1055
1056
1058
1060
1061
1065
1068
1069
1072
1073
1075
1077
1078
1082
1083
1085
1089
1090
1093
1095
1097
1102
1104
1107
1114
1118
1121
1125
1126
1127
1128
1134
1137
1138
1141
1142
1144
1146
1151
1157
1159
1161
1165
1167
1171
1172
1173
1174
1178
1180
1183
1184
1186
1187
1189
1191
1194
1199
1203
1213
1215
1216
1217
1221
1222
1223
1225
1227
1232
1236
1238
1241
1243
1244
1245
1249
1252
1257
1260
1262
1263
1266
1267
1268
1271
1272
1274
1277
1279
1286
1288
1289
1290
1293
1295
1299
1306
1308
1309
1310
1312
1314
1316
1319
1321
1323
1324
1325
1327
1328
1333
1337
1338
1340
1341
1343
1348
1353
1354
1355
1356
1359
1362
1365
1367
1370
1371
1372
1373
1374
1377
1383
1388
1389
1391
1399
1403
1405
1406
1407
1410
1411
1412
1414
1415
1416
1417
1418
1423
1424
1426
1427
1428
1429
1430
1431
1432
1434
1436
1437
1438
1441
1442
1445
1448
1449
1453
1454
1455
1456
1461
1464
1466
1473
1476
1477
1478
1480
1483
1487
1489
1494
1498
1499
1501
1503
1505
1507
1508
1512
1514
1516
1518
1520
1526
1527
1528
1530
1531
1532
1533
1535
1536
1538
1545
1548
1551
1553
1554
1555
1558
1559
1570
1574
1575
1577
1580
1583
1586
1588
1592
1593
1596
1599
1601
1602
1603
1613
1614
1618
1621
1624
1626
1627
1631
1633
1645
1646
1650
1652
1653
1656
1657
1658
1659
1661
1663
1666
1667
1668
1670
1671
1674
1675
1677
1678
1679
1682
1686
1687
1688
1689
1695
1697
1699
1701
1705
1706
1708
1711
1716
1718
1726
1737
1740
1741
1742
1743
1746
1749
1750
1751
1753
1754
1755
1761
1762
1763
1767
1768
1771
1772
1774
1775
1779
1786
1787
1788
1794
1796
1797
1800
1801
1802
1803
1805
1806
1811
1813
1815
1822
1830
1831
1833
1837
1840
1845
1846
1854
1858
1859
1860
1862
1867
1868
1869
1871
1874
1876
1877
1878
1885
1886
1889
1890
1892
1893
1897
1898
1901
1904
1905
1906
1909
1912
1913
1914
1919
1925
1926
1928
1930
1932
1941
1943
1944
1946
1963
1976
1977
1980
1982
1985
1987
1989
1990
1995
1998
2000
2003
2008
2013
2018
2022
2024
2025
2026
2027
2032
2037
2038
2042
2046
2048
2050
2054
2057
2069
2075
2076
2077
2079
2080
2083
2084
2085
2088
2104
2107
2108
2109
2114
2117
2119
2120
2121
2122
2123
2126
2127
2129
2134
2136
2139
2143
2144
2145
2148
2151
2153
2154
2157
2158
2160
2161
2165
2171
2174
2176
2177
2178
2179
2180
2181
2182
2184
2186
2187
2189
2192
2198
2203
2204
2205
2206
2207
2210
2212
2215
2216
2217
2218
2221
2222
2223
2225
2226
2229
2230
2233
2234
2235
2240
2241
2246
2248
2250
2251
2252
2255
2256
2266
2267
2269
2275
2278
2284
2286
2288
2294
2296
2299
2302
2307
2309
2311
2315
2317
2321
2322
2323
2325
2326
2329
2330
2331
2333
2335
2338
2339
2340
2342
2346
2347
2350
2351
2358
2361
2367
2373
2376
2377
2378
2382
2384
2385
2386
2388
2389
2391
2398
2399
2400
2401
2402
2404
2405
2408
2414
2418
2419
2420
2421
2427
2431
2433
2435
2438
2440
2444
2445
2447
2451
2452
2453
2456
2464
2465
2470
2475
2476
2483
2489
2492
2494
2498
2504
2505
2506
2512
2513
2515
2516
2517
2518
2519
2520
2525
2526
2527
2528
2529
2530
2535
2537
2538
2546
2551
2553
2554
2557
2559
2561
2571
2576
2579
2581
2583
2584
2586
2588
2600
2605
2608
2610
2611
2612
2613
2614
2616
2617
2618
2621
2622
2626
2627
2637
2638
2639
2646
2647
2650
2651
2656
2657
2659
2663
2666
2668
2669
2670
2672
2673
2675
2678
2680
2682
2684
2688
2693
2695
2697
2704
2705
2706
2707
2709
2710
2711
2715
2719
2725
2728
2729
2732
2737
2739
2743
2745
2748
2749
2750
2751
2752
2753
2755
2757
2758
2759
2762
2764
2769
2773
2774
2775
2776
2777
2783
2784
2787
2790
2796
2802
2805
2810
2811
2812
2814
2816
2817
2821
2835
2839
2840
2846
2852
2854
2860
2864
2866
2868
2870
2871
2872
2874
2876
2878
2879
2880
2884
2887
2888
2889
2896
2897
2904
2906
2907
2910
2912
2916
2919
2921
2922
2927
2934
2936
2938
2939
2949
2953
2954
2957
2961
2966
2969
2970
2981
2982
2983
2991
2993
2994
2995
2996
2997
2998
3002
3003
3007
3008
3013
3014
3015
3019
3021
3023
3024
3029
3033
3040
3042
3044
3049
3051
3054
3058
3068
3071
3076
3077
3081
3093
3095
3109
3116
3118
3119
3123
3128
3129
3132
3135
3138
3140
3142
3148
3152
3153
3154
3157
3162
3163
3166
3167
3168
3174
3176
3177
3178
3181
3183
3185
3187
3192
3196
3198
3200
3201
3203
3208
3212
3215
3217
3220
3221
3222
3224
3225
3226
3228
3230
3231
3232
3233
3234
3237
3243
3247
3251
3252
3253
3255
3264
3265
3269
3274
3275
3280
3286
3290
3291
3299
3300
3301
3302
3304
3307
3308
3309
3311
3312
3314
3318
3319
3322
3324
3329
3331
3333
3334
3336
3341
3342
3344
3346
3351
3353
3354
3359
3362
3363
3366
3368
3372
3375
3378
3379
3380
3383
3385
3387
3388
3390
3395
3396
3399
3401
3406
3409
3410
3412
3414
3417
3419
3421
3426
3427
3428
3429
3432
3435
3436
3441
3443
3447
3450
3452
3456
3458
3459
3460
3464
3465
3469
3472
3475
3479
3480
3488
3492
3493
3495
3496
3506
3510
3517
3518
3519
3520
3523
3527
3529
3530
3535
3536
3541
3542
3546
3547
3549
3550
3555
3561
3562
3564
3569
3574
3575
3581
3583
3585
3586
3587
3589
3590
3593
3595
3604
3611
3612
3613
3617
3619
3625
3627
3631
3632
3634
3636
3637
3638
3641
3645
3647
3653
3655
3657
3658
3663
3665
3666
3667
3668
3671
3676
3678
3680
3689
3693
3694
3698
3701
3706
3708
3709
3713
3716
3717
3719
3722
3723
3725
3727
3728
3730
3733
3734
3746
3747
3754
3759
3760
3761
3764
3765
3770
3772
3773
3774
3780
3783
3786
3787
3788
3796
3802
3804
3805
3807
3811
3817
3822
3823
3825
3830
3832
3833
3836
3847
3852
3853
3854
3856
3857
3862
3868
3869
3870
3872
3873
3874
3875
3880
3881
3883
3889
3890
3892
3895
3897
3900
3906
3908
3912
3913
3918
3925
3934
3943
3949
3957
3959
3960
3961
3963
3965
3966
3967
3970
3983
3984
3985
3988
3991
3993
3994
3996
3998
3999
4000
4001
4002
4004
4014
4016
4020
4022
4023
4027
4028
4036
4038
4040
4042
4051
4052
4053
4054
4055
4056
4061
4063
4066
4071
4075
4076
4079
4088
4090
4094
4095
4097
4100
4104
4105
4109
4110
4113
4115
4117
4125
4127
4132
4140
4143
4144
4147
4148
4150
4153
4155
4160
4166
4168
4170
4175
4177
4178
4180
4186
4195
4196
4199
4202
4208
4209
4210
4214
4217
4218
4219
4220
4221
4225
4227
4232
4233
4234
4237
4239
4241
4244
4251
4261
4263
4266
4270
4271
4276
4277
4281
4283
4285
4292
4296
4297
4301
4302
4304
4305
4307
4308
4310
4315
4320
4323
4324
4329
4330
4333
4334
4335
4343
4346
4349
4350
4354
4355
4356
4357
4361
4364
4367
4369
4371
4378
4381
4386
4388
4389
4394
4395
4400
4402
4405
4411
4412
4414
4416
4417
4422
4429
4430
4434
4437
4438
4441
4446
4449
4454
4459
4460
4461
4462
4466
4467
4468
4470
4471
4473
4480
4486
4489
4490
4492
4498
4499
4500
4506
4509
4511
4515
4518
4521
4522
4528
4529
4536
4539
4543
4547
4552
4553
4559
4560
4562
4563
4564
4567
4569
4571
4574
4576
4580
4584
4585
4590
4591
4592
4595
4598
4599
4600
4603
4605
4608
4612
4615
4619
4621
4622
4628
4629
4633
4635
4638
4640
4641
4644
4647
4648
4649
4652
4653
4654
4655
4658
4659
4661
4662
4663
4665
4669
4673
4675
4678
4679
4680
4681
4682
4684
4685
4696
4697
4698
4699
4701
4706
4708
4709
4713
4715
4718
4720
4721
4722
4723
4730
4733
4734
4738
4745
4748
4752
4753
4754
4755
4757
4758
4761
4762
4764
4767
4769
4771
4773
4777
4780
4781
4784
4789
4790
4795
4800
4802
4803
4805
4806
4812
4814
4815
4817
4818
4820
4822
4823
4825
4826
4844
4853
4855
4856
4859
4865
4866
4870
4871
4872
4875
4876
4877
4885
4886
4887
4892
4894
4896
4897
4908
4912
4918
4920
4923
4924
4925
4929
4931
4933
4941
4942
4943
4944
4945
4949
4954
4959
4962
4966
4969
4970
4973
4975
4977
4980
4983
4984
4986
4988
4989
4992
4996
4997
4999
5001
5002
5007
5010
5011
5015
5020
5027
5031
5034
5038
5042
5045
5046
5047
5053
5056
5058
5060
5063
5066
5067
5071
5073
5077
5078
5079
5083
5084
5085
5086
5090
5097
5101
5105
5106
5112
5115
5120
5122
5123
5124
5129
5132
5137
5138
5139
5140
5141
5145
5146
5150
5155
5161
5162
5163
5165
5167
5169
5170
5181
5182
5183
5184
5186
5187
5188
5189
5191
5192
5194
5204
5205
5207
5208
5211
5212
5213
5214
5217
5223
5232
5235
5237
5250
5252
5254
5255
5256
5258
5261
5264
5265
5267
5269
5271
5274
5275
5278
5281
5282
5287
5288
5290
5292
5293
5295
5296
5298
5299
5301
5302
5303
5304
5305
5306
5308
5311
5312
5316
5317
5318
5320
5322
5323
5325
5330
5332
5334
5335
5337
5338
5339
5345
5346
5349
5350
5352
5357
5358
5362
5363
5365
5368
5370
5371
5372
5377
5379
5385
5386
5387
5391
5392
5396
5402
5416
5417
5427
5430
5436
5438
5440
5446
5451
5454
5455
5459
5465
5467
5468
5472
5473
5474
5481
5487
5488
5490
5492
5494
5503
5506
5510
5512
5515
5517
5518
5519
5521
5522
5523
5529
5530
5531
5533
5535
5537
5538
5543
5547
5549
5551
5555
5559
5561
5562
5563
5565
5567
5569
5573
5575
5578
5579
5580
5583
5586
5589
5593
5594
5596
5597
5598
5599
5602
5603
5605
5611
5614
5616
5626
5630
5633
5634
5636
5637
5638
5641
5645
5647
5649
5653
5656
5657
5658
5660
5662
5667
5671
5673
5674
5677
5679
5680
5683
5687
5689
5691
5692
5693
5694
5695
5699
5710
5711
5712
5716
5718
5719
5722
5730
5734
5735
5745
5746
5747
5752
5753
5755
5756
5758
5759
5760
5761
5768
5771
5774
5776
5781
5782
5783
5784
5786
5787
5796
5801
5803
5805
5806
5809
5811
5813
5815
5821
5822
5827
5833
5834
5835
5837
5838
5839
5840
5842
5843
5846
5847
5850
5852
5855
5860
5861
5864
5866
5867
5872
5874
5875
5876
5877
5880
5881
5883
5886
5887
5889
5890
5896
5898
5902
5906
5908
5909
5914
5916
5923
5925
5926
5928
5930
5933
5935
5936
5937
5939
5941
5952
5956
5958
5960
5963
5966
5969
5972
5976
5977
5981
5982
5983
5985
5986
5990
5993
5994
5995
5997
6000
6006
6009
6013
6020
6022
6025
6026
6029
6032
6035
6037
6038
6041
6043
6050
6051
6055
6056
6064
6069
6071
6072
6074
6075
6081
6091
6100
6101
6103
6104
6105
6108
6111
6116
6122
6124
6126
6130
6135
6136
6137
6138
6140
6142
6143
6146
6148
6149
6150
6152
6153
6160
6162
6167
6168
6173
6174
6177
6181
6183
6189
6190
6197
6199
6212
6215
6218
6221
6222
6224
6226
6230
6231
6232
6238
6242
6245
6246
6252
6255
6256
6257
6261
6263
6269
6270
6271
6272
6273
6275
6276
6277
6278
6279
6281
6285
6286
6287
6297
6302
6310
6311
6312
6313
6316
6318
6322
6323
6327
6330
6331
6332
6333
6334
6336
6341
6342
6346
6347
6353
6354
6358
6360
6366
6367
6370
6373
6376
6378
6383
6385
6387
6389
6391
6395
6398
6400
6401
6403
6407
6408
6411
6416
6421
6423
6424
6426
6428
6433
6435
6436
6437
6440
6441
6446
6450
6455
6459
6464
6471
6474
6478
6479
6483
6485
6487
6489
6490
6491
6494
6497
6504
6505
6509
6514
6516
6518
6519
6522
6525
6529
6530
6535
6536
6538
6539
6540
6544
6550
6552
6558
6559
6561
6564
6565
6571
6572
6574
6575
6576
6578
6579
6580
6582
6584
6591
6592
6593
6595
6597
6599
6604
6613
6614
6615
6619
6622
6624
6626
6629
6633
6635
6637
6641
6642
6644
6646
6647
6651
6655
6658
6661
6664
6666
6670
6675
6677
6678
6680
6682
6683
6684
6691
6692
6693
6695
6697
6705
6706
6710
6711
6713
6714
6715
6717
6718
6719
6727
6730
6733
6734
6736
6737
6738
6742
6743
6745
6749
6750
6751
6752
6754
6756
6757
6760
6761
6764
6765
6766
6770
6771
6776
6777
6780
6782
6784
6786
6788
6791
6792
6799
6800
6801
6805
6808
6813
6817
6819
6821
6822
6824
6829
6831
6835
6844
6845
6848
6850
6856
6861
6867
6871
6880
6881
6885
6888
6890
6892
6901
6905
6908
6909
6911
6915
6918
6922
6929
6931
6932
6934
6937
6942
6944
6946
6950
6951
6953
6956
6957
6961
6962
6964
6967
6973
6975
6977
6980
6984
6985
6986
6988
6995
6996
6997
7001
7010
7011
7012
7013
7015
7016
7020
7025
7028
7035
7042
7044
7050
7052
7053
7055
7057
7058
7064
7066
7067
7068
7070
7074
7085
7086
7089
7090
7093
7095
7098
7100
7101
7103
7106
7107
7108
7109
7110
7116
7117
7118
7122
7123
7124
7127
7129
7130
7132
7135
7141
7142
7145
7147
7151
7153
7158
7162
7163
7167
7168
7170
7172
7174
7175
7178
7179
7180
7185
7186
7187
7189
7192
7194
7196
7197
7198
7199
7200
7204
7210
7211
7215
7217
7218
7220
7221
7222
7228
7231
7232
7239
7240
7247
7249
7253
7257
7262
7265
7268
7273
7274
7275
7280
7283
7286
7287
7291
7294
7296
7297
7300
7305
7308
7312
7315
7320
7321
7323
7330
7331
7333
7335
7337
7341
7342
7343
7348
7353
7355
7360
7366
7368
7370
7372
7373
7382
7389
7398
7399
7400
7401
7404
7406
7408
7414
7418
7419
7422
7430
7440
7449
7450
7452
7453
7456
7457
7459
7460
7463
7465
7469
7470
7475
7476
7477
7478
7482
7485
7487
7488
7489
7494
7496
7497
7498
7504
7507
7508
7509
7514
7515
7519
7521
7522
7525
7526
7529
7534
7536
7539
7541
7542
7543
7544
7546
7551
7553
7555
7556
7557
7558
7560
7564
7566
7567
7568
7571
7574
7575
7576
7578
7579
7580
7583
7584
7587
7592
7593
7594
7595
7596
7598
7599
7601
7602
7603
7604
7605
7607
7610
7614
7618
7619
7621
7622
7623
7624
7626
7627
7632
7633
7634
7636
7644
7645
7646
7649
7652
7655
7659
7662
7664
7665
7668
7671
7674
7676
7684
7685
7688
7689
7691
7698
7707
7710
7711
7717
7719
7722
7725
7726
7733
7736
7740
7741
7746
7747
7748
7752
7753
7764
7765
7768
7773
7774
7780
7781
7784
7791
7797
7802
7804
7807
7810
7811
7816
7817
7818
7822
7827
7830
7832
7837
7841
7842
7844
7846
7847
7855
7857
7861
7865
7869
7870
7872
7874
7877
7878
7879
7880
7881
7884
7885
7891
7901
7904
7906
7907
7910
7914
7915
7919
7922
7926
7927
7929
7939
7940
7942
7944
7947
7950
7952
7954
7955
7956
7957
7961
7962
7964
7965
7967
7971
7973
7976
7992
7997
7999
8000
8001
8002
8005
8006
8010
8011
8013
8016
8017
8018
8021
8023
8024
8027
8028
8029
8032
8033
8035
8044
8046
8047
8048
8050
8051
8053
8054
8055
8056
8060
8063
8064
8065
8069
8074
8076
8077
8079
8080
8081
8082
8084
8088
8089
8090
8099
8100
8107
8110
8111
8112
8113
8116
8117
8118
8123
8124
8127
8130
8134
8135
8136
8137
8138
8141
8142
8143
8144
8146
8149
8152
8153
8155
8158
8159
8163
8166
8170
8171
8173
8174
8175
8176
8177
8178
8183
8184
8186
8187
8188
8189
8195
8196
8206
8210
8211
8212
8213
8215
8216
8217
8221
8222
8225
8229
8231
8232
8238
8243
8244
8247
8249
8250
8251
8257
8259
8263
8266
8267
8270
8272
8273
8283
8288
8291
8292
8293
8295
8297
8305
8311
8313
8314
8320
8323
8324
8325
8328
8331
8335
8336
8337
8339
8342
8344
8345
8350
8351
8358
8363
8366
8372
8373
8374
8375
8380
8381
8388
8389
8395
8396
8397
8399
8403
8405
8406
8409
8413
8415
8418
8420
8423
8426
8430
8431
8433
8440
8441
8449
8452
8456
8457
8458
8459
8461
8464
8466
8468
8469
8472
8475
8476
8480
8481
8485
8499
8500
8503
8507
8512
8516
8519
8526
8527
8532
8533
8535
8536
8546
8547
8551
8552
8553
8554
8556
8560
8562
8571
8575
8576
8579
8586
8591
8592
8593
8601
8602
8603
8607
8608
8611
8614
8623
8624
8625
8626
8628
8631
8639
8640
8642
8643
8644
8645
8647
8648
8658
8662
8665
8667
8669
8676
8679
8681
8682
8684
8685
8687
8693
8695
8696
8704
8705
8707
8708
8709
8710
8712
8714
8717
8724
8728
8729
8732
8733
8740
8746
8749
8751
8757
8758
8763
8766
8767
8770
8775
8778
8779
8787
8788
8792
8794
8795
8796
8797
8798
8800
8802
8804
8805
8808
8813
8816
8818
8819
8820
8821
8823
8826
8829
8832
8841
8842
8843
8844
8848
8853
8854
8856
8857
8860
8863
8864
8865
8870
8871
8873
8877
8878
8879
8882
8885
8887
8889
8890
8892
8894
8895
8898
8900
8901
8903
8904
8905
8907
8909
8912
8913
8918
8919
8920
8921
8922
8923
8928
8933
8935
8940
8942
8944
8946
8950
8951
8955
8956
8967
8969
8972
8973
8977
8980
8981
8982
8987
8988
9000
9002
9003
9007
9013
9014
9019
9025
9030
9033
9037
9038
9039
9043
9044
9045
9047
9051
9053
9058
9066
9071
9072
9075
9078
9081
9082
9084
9085
9088
9089
9093
9094
9095
9097
9098
9102
9108
9109
9112
9114
9119
9121
9122
9124
9125
9126
9128
9129
9132
9133
9134
9136
9137
9140
9141
9143
9148
9149
9150
9151
9157
9158
9159
9164
9168
9175
9180
9190
9191
9192
9193
9197
9198
9199
9208
9216
9221
9226
9228
9229
9231
9237
9238
9239
9244
9245
9247
9248
9249
9251
9254
9255
9258
9263
9264
9267
9268
9276
9277
9279
9281
9285
9286
9287
9288
9296
9298
9303
9307
9312
9315
9318
9322
9325
9331
9333
9334
9335
9337
9340
9342
9343
9351
9356
9357
9358
9361
9363
9365
9367
9374
9379
9385
9390
9398
9405
9407
9412
9414
9419
9421
9426
9429
9430
9433
9434
9435
9442
9444
9445
9457
9460
9461
9464
9467
9468
9471
9474
9492
9497
9498
9502
9505
9507
9508
9509
9510
9512
9513
9515
9518
9521
9523
9526
9528
9534
9537
9539
9541
9543
9547
9551
9555
9558
9559
9562
9563
9566
9567
9568
9569
9573
9574
9575
9584
9589
9592
9594
9599
9602
9604
9606
9610
9613
9615
9616
9621
9622
9623
9627
9628
9633
9634
9640
9641
9642
9651
9655
9656
9657
9659
9660
9666
9668
9673
9675
9677
9683
9686
9690
9692
9695
9700
9706
9709
9712
9714
9721
9724
9725
9727
9730
9731
9732
9733
9734
9748
9750
9754
9756
9757
9759
9760
9761
9762
9765
9773
9774
9779
9784
9789
9802
9803
9804
9805
9807
9808
9810
9811
9813
9816
9818
9821
9827
9828
9829
9833
9834
9840
9842
9843
9844
9850
9853
9857
9859
9860
9862
9864
9865
9868
9871
9875
9877
9878
9880
9883
9885
9887
9888
9889
9890
9894
9895
9902
9908
9909
9915
9916
9918
9919
9926
9932
9934
9936
9938
9944
9947
9955
9956
9958
9959
9964
9967
9968
9971
9973
9974
9976
9980
9981
9982
9984
9987
9988
9997
9998
9999